              precision    recall  f1-score   support

           0       1.00      1.00      1.00     60000
           1       0.93      0.97      0.95       390
           2       1.00      1.00      1.00     25603
           3       1.00      1.00      1.00      2057
           4       1.00      1.00      1.00     34569
           5       1.00      0.99      0.99      1046
           6       1.00      0.99      0.99      1077
           7       1.00      1.00      1.00      1186
           8       1.00      0.50      0.67         2
           9       1.00      0.57      0.73         7
          10       1.00      1.00      1.00     18139
          11       1.00      1.00      1.00       644
          12       0.73      0.87      0.80       294
          13       0.67      1.00      0.80         4
          14       0.51      0.29      0.37       131

    accuracy                           1.00    145149
   macro avg       0.92      0.88      0.89    145149
weighted avg       1.00      1.00      1.00    145149
