              precision    recall  f1-score   support

           0       1.00      0.99      1.00     60000
           1       0.85      0.92      0.89       390
           2       1.00      1.00      1.00     25603
           3       1.00      1.00      1.00      2057
           4       1.00      1.00      1.00     34569
           5       0.99      1.00      0.99      1046
           6       1.00      0.99      0.99      1077
           7       1.00      1.00      1.00      1186
           8       1.00      1.00      1.00         2
           9       1.00      0.71      0.83         7
          10       1.00      1.00      1.00     18139
          11       1.00      1.00      1.00       644
          12       0.52      0.98      0.68       294
          13       1.00      0.50      0.67         4
          14       0.40      0.03      0.06       131

    accuracy                           1.00    145149
   macro avg       0.92      0.87      0.87    145149
weighted avg       1.00      1.00      1.00    145149
